[[10],
[20],
[40],
[60],
[80],
[100],
[10, 10], [10, 10, 10], [10, 10, 10, 10], [10, 10, 10, 10, 10],
[20, 20], [20, 20, 20], [20, 20, 20, 20], [20, 20, 20, 20, 20],
[40, 40], [40, 40, 40], [40, 40, 40, 40], [40, 40, 40, 40, 40],
[60, 60], [60, 60, 60], [60, 60, 60, 60], [60, 60, 60, 60, 60],
[80, 80], [80, 80, 80], [80, 80, 80, 80], [80, 80, 80, 80, 80],
[100, 100], [100, 100, 100], [100, 100, 100, 100], [100, 100, 100, 100, 100],
[100, 80], [100, 80, 60], [100, 80, 60, 40], [100, 80, 60, 40, 20],
[80, 60], [80, 60, 40], [80, 60, 40, 20], [80, 60, 40, 20, 10],
[60, 40], [60, 40, 20], [60, 40, 20, 10],
[40, 20], [40, 20, 10],
[80, 40], [80, 40, 20],
[20, 10],
[128],
[64],
[32],
[16],
[8],
[8, 8], [8, 8, 8], [8, 8, 8, 8], [8, 8, 8, 8, 8],
[16, 16], [16, 16, 16], [16, 16, 16, 16], [16, 16, 16, 16, 16],
[32, 32], [32, 32, 32], [32, 32, 32, 32], [32, 32, 32, 32, 32],
[64, 64], [64, 64, 64], [64, 64, 64, 64], [64, 64, 64, 64, 64],
[128, 128], [128, 128, 128], [128, 128, 128, 128], [128, 128, 128, 128, 128],
[128, 64], [128, 64, 32], [128, 64, 32, 16], [128, 64, 32, 16, 8],
[64, 32], [64, 32, 16], [64, 32, 16, 8],
[32, 16], [32, 16, 8],
[16, 8]]